613013
49236
44133
47152
37798
65606
61547
53208
61625
63598
71404
81844
69645
73853
73779
76147
75969
71781
79069
86007
86254
73474
72036
71184
53240
40957
48293
51607
40737
44041
39083
42267
57991
61541
69569
65589
61736
77778
73648
77882
86172
98324
81127
40970
42806
91049
48963
40008
51337
49526
44422
39306
54651
45208
40348
51339
40924
44085
39144
46674
45631
48810
56224
57668
61303
61292
61510
87597
118096
47973
42837
41992
45321
40290
52706
43972
44390
58832
63762
62541
74574
86328
85893
115048
85669
77698
78256
89804
81918
77836
103375
47485
42597
48226
44866
48239
46100
67357
64506
56928
53115
61537
57310
69827
61242
61592
72394
72258
39200
59155
44645
47882
52057
48236
43208
63621
52432
44886
71162
65310
49261
52429
85295
71407
80815
53007
45041
48413
57567
45188
78933
51341
73807
44917
76693
53488
57149
49182
56653
60043
62171
57832
61704
69498
85663
45183
52548
45824
56402
57370
53129
49267
60648
65644
86246
93971
48730
43777
48855
46187
41353
44337
43209
103676
48578
63971
44994
52355
75483
83956
41098
48542
59937
57452
61471
61457
61754
61315
94063
73721
61305
77946
110288
44934
48382
47512
60372
57516
49142
52086
58239
64868
110627
44608
43711
49438
55907
71042
59936
52991
49622
91349
76124
65142
45089
56951
52983
44971
51020
45264
55189
54668
57150
73835
61418
61548
65575
61381
69705
69600
74033
90115
73286
44671
48295
46313
58252
48475
43758
42689
71738
52840
53522
45000
46626
58179
57255
58085
64859
53250
81969
69600
73836
65594
65436
73757
73771
77887
114780
101779
45018
48396
71896
45034
60815
65488
69323
40980
48585
43435
50627
45289
49285
55648
57448
61335
69782
65573
65484
61709
81568
40702
72498
44920
71005
55152
49077
49481
52598
49110
64598
51413
50901
61737
61383
85859
44904
48689
51442
52039
60502
55380
53221
57674
102578
78082
54034
51469
49181
50748
42631
49821
44899
48535
51282
57440
57248
85855
57660
109830
89128
50361
69650
49400
51781
49342
50872
54921
69460
81150
41511
57437
48802
50721
74449
61614
57891
73186
61628
61222
49012
52153
53057
53529
57552
49111
53280
56178
61636
61566
94102
61866
88659
72262
88642
49410
39357
67466
53291
44717
52070
44989
59057
54893
51709
82483
77288
44794
52014
45156
53968
45037
52408
57452
98522
81654
81676
45066
52049
69899
50046
52420
45223
52264
49131
66693
97455
75235
55010
44450
60769
52026
49769
77525
49208
80890
57680
89973
44971
56214
65438
45181
77034
52752
69667
69447
49398
48456
51574
45282
60381
65713
57245
76496
71137
53618
62113
64492
86791
62380
51114
58252
48138
55529
45185
56283
49143
58784
60428
51929
45050
66806
56942
62341
64977
81759
45012
56508
49137
47507
52778
50142
56611
65564
61442
90286
73661
65613
73612
61414
69818
81938
94239
129638
45866
45010
52437
57419
44805
50655
53618
57336
54464
113292
41552
49921
54895
51078
43181
46351
50791
47994
43003
41828
44841
64649
98224
73813
56993
61854
69279
86108
61528
44943
55438
49009
68594
53420
44591
47923
48789
54380
57165
45078
52518
45071
52524
49041
48160
44772
50707
58863
81892
65741
57178
69841
65410
73700
77981
82060
119763
81383
77327
77837
77847
86039
94497
142957
48656
54312
46554
45584
61148
49216
48290
51746
48998
60326
45121
47933
50983
57614
54159
105250
45845
53364
43702
38626
42140
53470
49966
48339
49469
48438
51759
49044
53362
62850
62668
63304
72497
65326
65697
73743
73375
61510
49075
56257
40860
52305
45828
48065
59652
61632
73574
77738
65724
76263
50271
71518
47365
54816
53136
57276
45118
44128
51686
57222
61584
61302
61556
82085
65413
61517
61267
69724
73948
81916
82023
123064
90110
81668
81855
115737
43516
50671
46742
74794
53091
47223
38478
45321
44320
72733
77713
73799
69602
82067
81946
105776
45195
55111
46565
45622
44721
45620
42922
69678
76865
75535
44974
56651
57335
64435
60653
76971
60024
73761
65579
61609
102015
41608
52459
79847
51210
82575
56393
45110
60724
49207
54902
50841
53182
57919
53030
53041
77611
69801
73706
65678
77644
78076
69469
73656
101817
45299
48454
66994
50138
57497
48991
52141
57510
49121
60525
106422
65768
65361
97961
82470
73802
77853
104683
58505
53189
45038
56507
57093
49241
48226
47256
46371
53861
54543
56083
61555
57227
77718
81836
53011
45118
44427
59918
61169
55629
55083
57181
69866
94148
69702
73850
81929
82079
81679
82016
108538
50581
45211
48376
55965
57165
57584
57093
53246
53279
65613
89992
65669
61418
65606
77827
69712
73550
91888
91956
45274
52131
48126
61267
61252
52931
52048
54270
65749
94090
65699
68603
70732
74082
73356
69666
82012
93507
50756
51716
51810
54870
49090
56702
53015
49112
68817
102318
73749
65643
73867
69353
73966
73646
82067
114817
85930
77726
82017
77797
85985
92226
112735
94061
94339
90305
89953
90051
118128
40935
52618
53160
53110
61360
61517
53393
53189
61426
87380
64855
66758
76069
77744
73714
69760
82034
101782
41055
52327
50490
55997
61533
61394
61471
61648
65422
69760
73656
78241
77577
69509
77867
73728
82079
102371
90209
81815
86033
94143
97657
123150
45041
51577
45098
60946
61274
61784
52713
51242
62984
94833
69643
69481
73788
77859
81905
78002
77752
102618
81835
85945
81943
82001
85971
97153
74096
41059
44144
59729
61377
61481
61397
61549
69668
73712
69744
73699
91063
77011
78000
77727
85943
86025
81901
81846
90186
85968
90020
94532
94122
90314
94096
94287
85980
98170
90126
100242
92397
98279
98181
102387
98341
94267
90224
98270
98211
98259
98261
91977
88310
104071
46645
53918
49532
39844
55561
44986
46655
49914
77972
61126
53504
74886
52138
40838
68721
61378
61474
61263
61648
69908
69332
90260
69497
73814
69601
73773
73545
81980
90166
57234
36377
72559
49138
44070
57830
47385
48717
55946
40866
56291
49170
50940
54913
53105
65592
65634
62278
60616
79777
79590
57495
52401
49715
57754
87348
43133
46412
45314
48434
43488
50917
44826
49470
55417
61390
61434
57429
57329
84380
63295
92931
54045
45666
45061
52427
45088
56775
61317
90141
45109
52629
49403
43881
59625
53148
57473
53162
65497
98464
69717
73720
73618
86073
113254
107577
40857
52256
45004
52785
45149
56099
61631
106352
61558
82011
89201
53678
45101
54113
63744
57561
49101
44067
43128
46307
57814
56224
54526
57187
73807
61718
69391
61538
65426
