494274
47643
50905
45562
57463
61634
69185
51484
54211
69535
69941
77498
45123
43797
45518
62684
63366
58911
59805
82471
61069
40809
43859
47846
50698
61482
60837
65575
61392
64124
67040
83926
43052
50114
45108
48205
51473
49152
48353
47368
50719
61759
69277
65409
46346
48096
47397
58689
45005
40302
43149
55089
89793
58036
52477
49529
46568
45502
48800
43706
55119
45609
48284
43165
54520
53418
44931
52296
49093
58040
59801
53172
49251
52439
59425
55130
53627
57232
49549
48116
55313
57579
48900
48032
47129
46152
53453
56925
63784
60377
63020
62436
63335
64225
49223
52435
49144
60775
57311
55561
62036
58677
52776
53213
53293
61647
64045
42275
41298
44333
52538
52275
57728
57231
45035
62893
53030
49219
56608
54289
47877
51277
61371
53261
49032
55279
49889
45077
50382
60731
54017
45450
49158
46910
45392
44359
43567
50642
56400
54368
69531
50576
55984
56189
58423
45101
48022
62696
41485
52399
60542
54049
50282
49312
55160
36892
40124
39105
46527
37322
44669
39543
42623
45698
44957
48090
47095
42200
49330
44298
51729
53343
60862
64919
58547
44948
48368
42774
41755
40928
39957
43235
46534
45963
49099
51447
49365
48734
46708
54273
44772
43885
44191
62550
45021
52358
45670
60278
57310
53466
53422
40679
48256
48209
46079
45881
45718
51570
49666
49057
51264
49164
50990
46413
65973
69536
67813
49185
47024
70901
39722
50528
60071
42058
41966
45130
47739
51396
55225
59689
58366
55582
57364
53589
49492
57316
52298
41393
52611
52388
61504
53378
47385
52311
50564
47929
50913
57299
53262
53191
58376
52296
49198
55534
56697
60293
63731
49675
52773
48947
57840
51830
40818
48006
43131
46323
45444
48722
39427
50879
49219
42918
50156
41018
52717
62409
60277
61056
58824
61074
77499
81057
41123
56446
65493
66766
68703
65609
65404
45408
48015
50855
57376
49213
44195
76050
63846
75368
59154
65699
65508
85176
41690
44625
43824
59939
60744
49167
48838
63853
72055
69193
70663
46897
45972
49425
44135
50379
49194
53326
60404
61468
61748
71328
60548
64655
40740
43807
47800
48252
61269
57149
59740
66224
73589
79007
40903
52236
57497
53235
61432
65686
65589
80260
47245
45664
56996
45000
48342
55491
57964
77714
73426
69372
49451
44094
47478
54889
46824
48070
55560
65715
72258
72452
67951
40911
52163
53303
57376
54425
60513
69592
61308
61951
70295
84455
53505
44979
54468
43087
66860
77598
69717
40906
53224
61239
61564
58471
64443
63727
78964
72575
70722
48964
43894
55445
53114
54318
48160
51285
73915
77806
70287
64893
72221
46314
41432
52875
60696
70503
66478
62682
78475
73461
67417
52758
40871
52399
67431
72020
69557
65548
68430
79667
40152
47310
49257
51541
52862
58004
56550
61489
57388
61416
69533
53254
40963
47765
58076
62144
61473
57506
63050
54151
77864
70547
80927
53124
44989
44113
55545
54352
43911
51236
73217
60907
71374
67594
79320
61526
73529
65379
45316
40049
51575
53814
45708
47532
50902
65454
61531
65447
74338
48332
43384
51045
52982
49162
48938
66338
71180
61561
65285
40904
48942
55616
49032
48090
51378
49149
61824
60715
65108
65476
72955
78579
40788
48080
48560
45879
65464
73736
71967
67096
45192
52355
52190
50698
48751
52329
69293
57436
65486
61360
45485
50164
55347
37145
48528
51487
53340
63002
68047
57350
61526
65469
66694
43762
44002
54194
45201
74734
68243
73474
61325
77933
44714
47957
47842
45849
67234
65683
77638
57021
49452
64172
56727
55222
58154
50493
49151
48130
47043
46235
44694
50714
53387
49048
50675
57481
44923
56019
64564
66843
69712
65504
40928
47994
43173
55177
49116
47588
46587
67397
68571
77909
69401
69816
44962
43997
65946
42707
54060
69820
70927
61915
59909
81608
40824
44084
47115
43091
53922
61630
60691
59962
62775
76333
70737
48678
39137
50456
49216
60539
58251
60426
62584
51502
74393
68905
61286
45088
48556
47362
50898
50705
47138
50972
62013
82718
80014
72938
78703
40797
43824
51142
45002
48257
69665
56507
64888
57613
65310
90392
44291
43987
42572
49765
65274
61497
69624
77826
77948
78805
76532
36823
40223
51524
50696
51739
50890
51371
41114
72507
68152
62217
63060
81576
65652
65170
49149
43231
49089
45671
61080
53250
49664
44485
73951
67677
65997
69072
44966
49236
55570
49086
48316
43245
62914
70483
60431
63860
79748
65232
53200
41068
54139
47107
58571
69681
78714
64617
75302
43477
41583
45689
54744
53287
65648
61340
65633
57257
65708
81675
40945
48205
43354
50477
78083
65485
73397
41010
52466
53294
52069
54450
49508
48063
70124
71526
61424
61540
70909
43454
55230
41101
47842
55261
53697
66079
56844
62118
60452
73417
49176
40117
51566
49022
51752
53905
61332
77888
63835
82598
62229
45098
44181
47779
50655
70408
73026
69616
61309
36925
44890
47531
55249
48471
51733
70303
60800
61455
61406
57370
69871
65515
85721
41647
52854
56901
49144
48180
47359
50602
61548
69580
65487
79878
67818
61010
41090
44038
62348
54141
69779
69401
69696
40966
48189
49227
43225
52337
51471
53210
73879
80213
71441
77861
44764
48019
48568
52406
55140
49793
63728
77068
61217
61190
63729
73570
45062
40017
47455
46869
73948
64090
74380
72115
44396
42241
49673
50942
49227
48339
56738
65145
61089
65345
61369
78814
47998
47050
42019
44469
53159
65079
68993
69340
67491
81333
51879
45005
51269
54467
70100
71202
68050
60792
41059
44178
51535
42937
54382
54336
49767
79240
59102
63484
61927
91632
40891
39987
49049
50536
51549
61378
59327
65244
57732
61095
81889
40965
43590
46820
51666
61672
71573
59086
62934
64144
77633
38385
44281
50993
40897
68639
65569
65470
80743
75947
47827
42916
53682
53978
70483
68887
73795
71636
71389
46524
44255
51614
48875
52263
57519
58348
77686
69261
65324
77446
49075
40184
47245
51820
61561
61371
61645
57136
61482
70388
44099
43555
53696
53528
71326
69215
72742
72142
75692
40303
47619
54868
61441
41358
66614
71882
68463
78950
75604
71788
40877
56921
44623
72614
61157
57977
64141
62262
90049
40869
56297
57499
53338
57297
65581
61324
44964
48231
61356
60593
63466
61707
66298
68746
45171
44020
51679
53034
66084
80333
66683
73598
40806
52211
53335
57370
49213
44235
63980
60860
61471
69881
73182
73673
61445
77922
61376
81985
65530
61088
45200
46597
39191
50864
51598
54691
49149
49839
59487
61952
