613459
37346
32192
24165
32623
30179
32563
33933
42746
36790
33372
19980
27169
22084
25285
24605
29993
40105
36543
36848
41966
43499
47499
30805
22377
20180
31571
26785
26607
45242
47842
41657
34729
43628
46077
48936
22971
26202
23067
30725
32855
40187
39866
51845
36152
22967
34448
41557
41948
19685
27281
26415
37543
32806
43369
51403
50568
29686
20661
27679
30071
34032
24927
30669
43296
45340
40806
33377
38877
44725
51877
52018
41047
27943
27014
30588
43171
37404
41089
43463
34600
40207
51281
24337
19252
26722
25596
31696
42380
34868
41705
41478
52417
47065
25361
20320
30433
27670
25262
33167
42571
36503
41151
41451
36192
47816
22362
21463
32722
24258
31410
46410
48922
42618
47832
42552
21240
24515
28603
30370
25921
23646
31231
52293
58631
36419
40937
23210
22306
31622
25758
23531
23605
30915
20732
42332
43161
36018
43904
41864
53815
33035
23774
22853
23061
32583
28752
38749
38266
48525
41891
39666
44437
53076
33795
20461
23801
30722
33812
39252
34545
43554
42261
45481
49505
48282
22768
21831
25394
28152
50355
36858
43028
46790
36616
23472
22536
25527
29662
32133
31539
24615
43967
54252
50521
45553
19298
22544
43405
33958
32513
39801
35236
41630
54249
44726
23283
22385
29722
31377
42122
36676
37681
41861
34514
39832
53550
22126
21133
24127
31460
38557
43315
41077
42648
41356
42883
44399
23204
22099
25354
24851
22672
44253
42674
45961
43660
44144
26974
21674
28956
19883
31286
21684
23429
43387
41452
42513
41587
51095
43287
54250
45581
23775
22298
25910
29201
44588
42436
61104
39559
22865
20971
31400
35614
23057
31383
30373
37693
44318
46303
51503
46825
21394
20510
31053
39068
20891
30737
29907
45589
41337
41674
37137
43906
42548
55723
24520
19595
29343
30348
20877
42568
42920
44401
45951
42570
53972
48876
23462
22528
29769
33253
28929
41681
52311
40894
43711
41397
34358
47361
51022
22506
21524
24707
32913
39146
42197
39806
38078
40466
52567
24309
23406
30641
31088
32037
53841
44081
42042
44635
41156
43916
53171
30540
25567
20515
29860
31239
34133
41161
59631
48910
19361
30801
52352
39207
45983
49846
20541
19661
22787
27308
31387
24725
31585
43659
44241
55715
51300
32699
19366
26739
25897
28156
25437
32832
23584
43700
52669
43792
47691
26281
25286
32871
23895
31427
25425
24421
23582
42850
42169
53377
51018
24489
19449
31096
24410
27769
23048
33092
23580
43666
42414
37813
44013
41295
40786
44472
23037
21993
24677
28759
31940
43700
42647
45413
43526
42798
49653
25751
24850
23392
30733
34959
34248
40622
43155
51287
43719
51919
27019
21948
29297
28689
23142
27632
37865
40833
39899
38333
43023
31803
50122
38036
20724
30449
31384
22634
42803
42473
38757
44230
42184
41107
45968
21028
19637
31908
26678
23732
32098
41172
42620
32039
39708
38687
47699
26612
25647
24680
35526
48371
50802
46088
23541
22475
26383
40467
50726
53381
44927
19376
22348
52613
58804
24525
19614
28874
30018
34914
42886
40790
39603
43604
42336
53229
43909
23206
25565
29550
32053
43027
44202
42009
52528
46583
21208
20207
31456
29438
28972
25316
36755
56251
41971
49470
46083
24573
23153
26164
21367
36179
22897
23874
54794
47012
20386
23576
27058
38793
43439
44557
43875
42334
41614
42759
50837
40015
27949
25732
28913
30998
44279
45600
51314
50288
23188
22253
25153
20091
23551
30653
25620
32420
43767
34879
43451
41594
43938
42281
19862
23049
24203
35671
23050
32670
42722
37180
40430
41212
37342
51077
24579
19719
35470
34379
26922
36700
38871
41884
41334
43935
40614
52725
35999
26892
26038
24970
24221
43501
44691
50199
41500
36472
26580
26425
20668
23970
27579
28745
27013
53248
52769
54147
60622
20203
19270
30981
22264
30831
26526
28380
32711
43551
54455
43714
50092
28322
27361
27575
38810
35946
29198
28006
40050
51362
41652
41595
45046
41716
50760
42842
21504
24753
28003
31343
44518
41568
52803
38841
25534
20563
53377
51545
49799
20222
19312
31082
40989
45940
24608
27030
27240
26815
38305
61024
46497
54351
27427
22371
22790
24592
28589
26973
26654
33483
46364
52682
42025
20786
19561
31927
34161
26874
27997
31254
30157
41598
54604
47588
26165
21010
30351
54137
51216
41877
19446
26910
30468
43052
40508
46084
46568
41608
24260
23200
31136
23827
35053
21959
30886
53090
43167
41421
44232
50704
25054
23980
23187
30191
34088
21734
31164
45644
40662
35461
43597
50536
34248
43317
25987
21067
29686
27533
28002
40318
41079
51060
43510
42914
38448
20511
19602
22813
30747
35893
30570
42163
32256
40137
40986
44711
44989
45147
47837
49626
60327
47056
25525
20464
23739
25615
24392
31331
44463
45854
42421
43590
49989
19813
27214
30352
22980
54764
24678
19562
26892
29657
31418
34027
22515
32039
43156
35422
44023
41983
45289
41847
44631
45342
41180
41842
49012
23584
21833
24830
23867
39446
34552
35555
41734
41923
38609
41288
43306
53983
24463
19540
22821
25936
26115
51516
50321
49213
40966
29611
40838
27799
27135
25709
25474
23690
25652
44347
37141
43529
42432
45047
42010
52361
24491
19413
30930
25962
32997
44011
41643
42003
49849
45888
23381
26569
25603
30052
24153
26890
33456
51975
53939
26407
21452
28805
56679
49276
43768
42795
44007
26269
25481
29966
27984
23691
30853
25288
44579
42201
41600
51757
24569
19552
51487
70041
42419
21603
20140
36485
31854
39142
41224
39774
33333
48045
51978
23503
22582
34175
24812
49903
44788
43930
40686
23302
22205
44010
52381
47784
22269
21330
28547
41176
41871
43047
40435
41948
38358
53057
20665
19606
28480
25019
30241
44054
41536
47522
23954
25277
24517
41170
41647
33642
38331
42411
50517
20454
24555
30923
23630
27791
37776
39581
51418
27088
26120
25285
48836
48092
44251
41591
24349
23360
56519
64474
24351
19332
31986
33924
33575
31741
42703
34311
31420
43792
55291
50279
24494
19458
30616
43349
39074
43455
42695
43241
47823
52223
39541
22129
25326
20693
30857
46804
41341
41031
48259
43206
40969
51775
20362
19370
26811
26814
24431
44839
55869
40988
47435
48093
29468
27474
22906
31498
27010
23949
33104
44463
35497
43882
42227
44577
36330
22814
25968
32004
24903
22321
32644
35202
45532
32261
23197
30665
33766
36425
31004
43698
35545
31911
60230
41348
22858
21871
33250
24374
43054
42072
52938
43163
25823
20741
23877
