527142
48704
47634
46889
41736
57703
73728
69902
73677
40433
43522
38443
49793
40726
53283
52208
77815
54704
63455
66860
62790
78725
53280
46003
40967
44421
51545
54034
52526
53193
50021
59001
61506
62544
57801
53154
57458
61645
61218
61467
61528
70974
80456
40687
43963
59697
64024
61667
59955
68474
65407
81534
45209
40231
43383
46584
62318
74513
77315
70691
51692
41826
48283
51774
57335
43763
57632
62194
65028
68383
69643
65583
44922
43935
47080
54514
57573
65431
61480
68041
65478
71340
61088
41074
52425
49215
60321
59538
59606
61391
49170
68868
65756
69476
73365
53840
56905
49197
46554
46730
45865
40769
61138
61170
61361
69345
65625
83639
47162
42113
61800
61652
65413
61511
57254
61537
75190
72372
74010
44438
47597
61373
58899
59904
61697
60805
76069
65296
41020
44269
51393
53373
49480
52218
57600
61284
73910
61368
70912
80393
45024
48702
51508
57340
42603
48223
60525
64502
74939
77074
70318
73823
73768
57295
90200
73344
41346
40087
43298
49030
76478
74181
69662
81941
52985
44977
52413
44224
55766
49773
53149
65517
61453
61536
61067
41070
44129
47422
46453
45150
52542
57527
61376
65415
65505
76178
75561
77841
65069
90321
44881
48136
43252
50396
36843
76998
71163
80333
40881
43886
51350
53550
45844
47195
39590
50933
61364
80590
73491
62202
73074
45045
54361
51424
42371
60551
61392
65570
65540
61465
65284
45011
47381
47315
40023
51052
51899
57396
61794
57065
53275
77833
65723
44528
55952
47724
61561
64728
65541
61557
69615
65134
36880
50872
46652
45756
53608
65151
61500
69862
61095
69355
41142
47212
43385
46628
53225
59573
51807
61464
70526
69038
73158
41048
43966
51279
40801
62141
59929
65567
57330
61342
87954
52968
47323
38368
45636
75797
61500
75442
61525
63691
72307
79235
49061
44010
51502
57263
57296
49710
59566
54367
70200
77084
41067
44096
72564
72465
75908
75639
53239
44823
52189
49312
44195
49994
65829
72126
59491
60456
64203
93443
68774
77538
44404
41851
46554
51356
48989
44014
50381
61587
65445
69807
59203
61771
79489
40960
39897
50312
57397
65721
65487
61437
71988
71534
65328
40909
39974
47210
42231
70236
61300
61571
65415
75801
71748
70124
44248
48898
67310
80695
79071
81900
45730
47651
50923
49060
48182
51402
61533
69669
61447
74960
76734
61053
41137
44280
49560
52861
53225
62479
60333
60610
58087
45030
44659
47426
51402
41179
44087
67011
61370
65599
65552
76550
74822
41781
44152
51448
47070
57635
61181
62820
61160
62788
89961
41657
49036
44160
63635
74241
61083
69865
61235
67179
47332
46549
45633
52051
61522
71696
62128
60853
60593
80804
56881
42053
53546
44054
63672
61502
72033
60181
61458
80690
40961
44067
46898
43614
61720
65423
65547
69551
68102
83634
73720
73577
44872
48137
51326
45558
47494
46673
41577
69741
61095
65535
69601
74000
68631
78260
41110
44162
54139
65596
59339
62741
60091
63781
72683
61996
78056
41004
44339
51240
40778
52749
48838
56136
65511
65580
61387
72266
75034
40992
40129
49292
40502
53200
62569
67054
58687
64231
69790
65276
44947
46737
47239
38096
62026
69638
61516
61326
61529
69615
74014
73233
45112
48305
46716
54079
44092
44137
51354
65749
61412
61445
71618
75811
44995
43854
47165
42201
49508
61017
61411
61378
61511
61491
74871
47759
46897
45453
49136
56569
61373
61851
61072
61749
61147
75270
43310
46524
48677
48883
56294
48957
60377
60548
62984
77364
75288
47440
50553
40988
52517
61384
53214
46206
55422
78891
82497
44315
43379
50144
74005
65387
44921
47435
47225
78652
70285
76815
74622
44910
44159
51400
45012
47627
42551
55621
68123
65507
65542
68888
82580
49017
44201
47334
54563
65730
65529
61491
61407
61419
57280
45031
48830
47241
54552
40978
77037
65579
70361
72935
69772
89753
41039
44292
47570
63011
57358
65467
57387
61584
65228
41234
44280
47457
50704
54790
62604
71132
65544
65527
72588
45975
49264
44237
51432
57475
65602
57271
65605
57294
65835
69563
69357
77871
40908
51915
49594
60803
41797
44224
66367
73253
57498
65346
61509
78364
48255
39306
46201
45673
73233
74311
65351
74060
57534
44371
55908
40831
48066
38917
52021
76359
65721
72602
60032
76034
41481
48099
46873
41853
65768
65532
53262
73720
61487
77898
81842
44883
48265
47193
54733
57251
61534
57306
69757
78192
69511
93670
40939
49130
45799
53190
40835
47917
40813
62625
65849
65182
72901
83307
85306
46172
44184
53659
61523
72653
60268
60163
72644
41066
44126
38958
42246
48412
64030
72177
59560
62797
75910
75600
51077
36907
47974
47543
58862
54967
67855
57443
61442
69810
85763
40751
51833
45431
61077
61525
61345
65578
72242
75087
40891
44205
47843
42807
69037
57263
65606
61491
65567
77588
44892
52104
42285
42203
73000
61567
69555
69396
82296
73524
69419
82122
44858
47722
47270
39843
41341
48596
64226
61441
61424
73786
73733
69554
44917
46385
47190
58706
72181
64769
63647
61555
73815
61051
40960
44242
49900
41676
68612
61437
65550
57335
61476
75984
50689
49108
40134
61562
61009
72430
65577
65616
69387
44999
40020
43272
46526
41994
69319
61584
65392
71652
75909
65330
40905
51646
45749
53225
61309
58237
64659
61532
57438
73728
61177
41250
40051
47384
58830
61456
57547
65324
61605
75254
80404
44687
52568
48824
67974
61682
61351
53517
61465
70392
44104
39067
50397
49258
76663
60631
62446
65845
61555
77771
52926
40976
44254
59873
86154
75517
42835
37819
41074
62572
66567
80940
77930
48920
39629
47026
46080
51474
41047
53964
61068
62061
61476
63035
78711
70898
43473
54880
69808
61515
61355
61431
61703
89977
69665
66323
76732
45007
51920
60464
54666
46496
40041
59351
63194
61419
67749
65699
86871
47941
42729
50059
49215
71333
71663
69249
70453
81094
57121
49149
40075
51573
65764
69589
70196
68743
45190
44285
41950
55703
41085
48334
55737
65611
65385
68331
63491
77340
65194
44954
46749
46585
53944
61480
57338
65528
57364
69745
61013
36906
44330
47484
46716
53845
64162
58715
59717
62013
79257
66058
40076
43695
48377
59031
57458
61429
77891
65672
73605
61199
40996
46020
59920
61242
61244
65897
69494
78665
43973
47160
42206
47980
51271
69639
57345
57458
61313
49853
81019
61286
53130
41101
48368
59784
61602
61396
61389
74553
77257
44772
47968
47273
50454
65624
61511
65506
61452
61785
65490
40541
