us
23923
20021
25957
20046
25672
19631
20866
22339
19797
21975
20421
20871
21515
17429
18381
25739
16959
17622
21355
27039
20769
21367
16975
22539
18431
24155
19784
25426
20195
24422
17925
23608
19130
24875
21275
20759
21311
21962
17490
18233
18928
22113
27798
21243
21879
17478
23067
18686
24405
19971
25717
21384
22098
20077
25010
20656
26269
20451
21564
17162
22900
18177
23693
19294
23846
20400
21063
21792
17532
18385
18952
19641
20408
19653
20045
20731
17909
24095
19137
24936
26044
18764
17450
23274
18918
25097
21560
22078
19187
22922
17646
19413
16532
22623
18053
16928
21507
17879
19349
19989
21670
17465
23378
18847
19540
20635
22329
18221
19110
20042
22144
19313
25046
24125
20987
22786
18400
24128
19539
25073
20663
22176
17301
22958
18497
24282
19589
20251
20760
20943
20722
18178
18866
20540
21167
21809
18369
28603
17063
24321
18001
18774
20468
21197
21729
18809
19804
20470
21289
21895
21488
16975
22806
18457
19171
19714
23631
23734
19552
25223
19868
25547
21142
21911
22504
23350
18898
24741
19800
18906
19425
20113
20764
21333
22115
22145
17798
18537
18922
19481
20346
21097
16767
17585
18273
18964
19989
20831
23690
20247
21141
21853
17619
23410
19320
20872
16502
23075
18812
24600
18290
18903
19594
20812
16521
17251
17971
18597
20873
26501
19866
25770
19129
20010
21608
22316
17875
18446
19171
20115
20784
21383
17019
22746
18366
18940
19601
21622
20779
26366
19761
25371
21139
21787
17341
23028
18673
24585
20183
25871
21663
22465
18130
24083
19695
20448
21263
19713
18568
24325
18692
19024
19755
20372
20928
21618
17046
17817
18325
18962
19837
20471
21137
21738
22279
22914
18467
21258
23668
19037
25086
20060
25522
19048
19722
20542
21223
21765
22552
18067
18791
19371
20005
20790
21431
21998
22587
21455
17316
18105
18754
19367
19974
21589
17302
17750
18403
19312
19889
20805
21701
22388
17999
18660
19151
19745
27826
25978
18470
23632
19575
20195
20885
21971
22569
23539
18725
19273
20414
20973
21717
22367
18174
18861
19403
20083
19020
19656
20445
21081
16695
22424
17975
18652
19310
19921
20688
21320
22045
17619
18188
18718
19365
19980
20528
19700
20213
25978
20620
21264
21856
22414
18082
23846
19384
20074
20758
21473
17013
22777
18360
19043
19624
20293
20945
21361
20010
20658
21218
21923
17627
18268
18952
21093
25951
18639
24479
19799
20633
21259
21960
17476
23216
18787
19463
18216
18819
19824
20539
16398
17042
22794
28441
18700
19296
19964
20701
21218
21902
17475
23346
18194
18832
19456
21298
21535
27141
20912
21553
17432
23073
18794
24360
20036
20799
21514
22201
17809
23490
19024
24737
20189
20847
21431
23881
26745
19275
19765
20507
21257
22139
22779
18472
19732
20417
21027
21616
22322
17992
23674
19221
20055
20671
21290
21095
21812
22527
18057
18741
19808
20478
21138
21774
21367
17978
18696
19414
20005
20623
21330
21889
17594
18176
27814
24000
19514
25180
19430
25264
18821
24384
19879
20579
21301
22026
22621
23323
18953
19563
20170
20815
21231
22215
23806
19405
25099
20513
26165
19644
25410
18955
19495
20211
20834
21426
22217
17825
18522
19146
19627
20363
21112
27875
19136
19457
25323
20126
25648
21424
27288
17494
23135
18638
24416
19638
25429
21149
21702
17354
23086
18638
24337
22676
23248
19103
19755
20414
21083
21755
22461
25015
20715
21349
17235
22953
18557
24184
19815
20449
21037
21714
19855
25548
19394
24896
19531
20040
20742
21447
17262
17926
18815
19498
20412
21077
16639
22270
28021
18987
19615
25464
21059
21781
22468
18004
18670
19520
20144
20932
21488
17213
17891
18666
19364
19812
25679
21374
27041
22245
25761
26382
18669
19391
19970
20699
21264
21955
17569
18241
18851
19370
20211
20890
16791
22659
18191
19122
19968
20638
16918
17638
18340
18925
19549
20301
20937
21731
17247
18125
18930
20365
20850
21525
17162
17881
18456
19133
19767
17347
18166
23862
19393
25164
20736
26475
22083
22674
18213
23935
22767
22911
18497
18997
19779
20343
21040
21620
17200
20793
24429
20191
25595
19970
25969
21536
27225
17415
22915
18475
24225
19620
25365
18885
19450
20197
20954
21625
22236
24224
21287
21868
17528
23206
18763
24325
20060
25746
21459
22207
22079
22918
18553
24311
19885
20807
21447
22095
24794
18697
19331
20150
20821
21852
17430
18020
18639
19460
20166
20822
21320
27400
18487
24068
19680
20372
20929
21591
21788
22282
17951
23807
19365
24959
20651
26311
21899
22765
18307
24047
19818
25531
19973
20783
21371
22139
17788
20795
21145
18817
25909
21514
27032
21420
27214
17787
23423
19115
22265
21450
22121
17835
23708
19161
25023
20657
21235
17552
18216
18932
19582
20308
20943
21694
17410
17958
18804
19493
20339
21771
17376
18102
18738
19436
20038
20678
21576
20224
20950
16544
17089
17736
18423
19065
19696
20619
26320
22099
27859
18628
24244
19773
20477
21164
21883
22419
20825
21346
16883
22687
18290
24103
19765
20372
21129
22701
18326
24254
19942
25724
21333
22053
17662
23366
18869
24523
25865
20588
21111
21721
17354
23032
18541
24442
20139
20735
21478
22189
17740
23591
19208
19781
20358
21060
18691
19666
17772
18768
19347
20027
20724
21314
21966
17606
18314
18997
19948
20629
21360
17266
17941
18528
19172
19799
20489
19867
20712
21421
22025
17663
18312
18998
19535
20196
20947
21673
17419
18496
19170
19849
20575
21167
16737
17370
25224
20471
21504
17013
17561
18426
19006
19559
20428
21063
21814
22571
18136
28161
20144
20724
21412
22004
17526
23139
25385
26028
18313
18916
19505
20195
20855
21559
17119
23305
18867
19494
20252
22645
18196
18862
19465
20191
20768
18808
18668
24320
20052
20757
21350
22010
17412
23462
19146
19803
20512
21084
21867
22510
18198
23963
19527
20187
20784
21859
22214
21557
21997
17811
18429
19088
19840
20375
21131
16756
19456
18015
18673
19620
20205
20832
21421
27438
26083
21404
22006
17727
23484
19169
24900
20397
20956
21640
22133
17887
23835
19502
25041
20647
21278
17019
22727
18251
22277
17621
23397
19134
19716
20347
20983
21568
22212
17872
18509
19096
19951
20541
21171
16787
17365
18050
18746
19415
18676
24446
18562
24166
19809
25510
21187
21642
17406
23150
18790
24473
20124
20738
16350
22561
18132
24571
18587
19273
28029
22476
17977
23676
19194
24941
20570
21293
21810
